23938577949183237e-28,10641801869635715e-24,2449602930084103e-24,10795824153978868e-28,8075414603019068e-24,13892367192408659e-25
10641801869635715e-24,0.005457472475402746,-0.0003438586643985141,4582434868679317e-24,0.004904750519352555,-0.0003155338784378258
2449602930084103e-24,-0.0003438586643985141,0.004985183908469074,-9816663480129065e-27,-0.0003445400112937695,0.004510668674337392
10795824153978868e-28,4582434868679317e-24,-9816663480129065e-27,7256691602772637e-28,3398901153129082e-24,-40742257857561333e-26
8075414603019068e-24,0.004904750519352555,-0.0003445400112937695,3398901153129082e-24,0.004409276225967962,-0.00031519543664310204
13892367192408659e-25,-0.0003155338784378258,0.004510668674337392,-40742257857561333e-26,-0.00031519543664310204,0.004081736697586953
